0.077444171173017
0.0766240788337664
0.145567452445026
0.115773521284717
0.17315443504656
0.155245805372858
0.0722725231864588
0.0225379978851717
0.117986212138974
0.0729655734911456
0.0163001088738219
0.0632227875978556
0.101621757063092
0.0909403143412838
0.10646362993774
0.0687339012596797
0.114408361591014
0.109906686059565
0.0976075802387315
0.107498141125327
0.0303682978776791
0.0853207262653908
0.101010147927442
0.0853288519110613
0.0742171716804919
0.105697235496758
0.18806416695771
0.118659406207656
0.0827431005512761
0.0704861552967358
0.127788538528593
0.0799667791764574
0.067111305736609
0.100492758540611
0.136781086726032
0.121988817330956
0.119191767961541
0.154067211823014
0.127613027700166
0.126076997632549
0.12907910411907
0.114174179328985
0.107108549755493
0.09941282604538
0.122540959764755
0.142825257895817
0.0910229774282363
0.101048865431977
0.123216257236232
0.10754818875687
0.0388233236768148
0.0337105893902138
0.041884115858061
-0.0282502979470255
-0.0205248839171729
-0.0305509323745538
0.00977979851024868
-0.0601531084113231
0.00547891273081143
-0.00456751574836734
0.0449022516345164
0.047472742413201
0.0891583736443405
0.0403457011926676
0.0173654329719839
-0.0309801376989436
-0.00508022116327944
-0.0308252425912112
-0.0260594969720961
0.0542652303841353
-0.0281632004291128
0.0575633702958886
0.046714410467197
0.0343670043248829
0.0348217867547122
0.0173881506435451
0.0585790340862991
0.086036312437645
-0.00253545804762091
-0.0503626313639128
-0.0431931741073315
-0.0249311158124011
-0.00597948047823648
-0.0302009739859985
0.0336579300896738
0.0275130515415632
0.047142219792003
0.0770740145862045
0.0739547614841728
0.0280557269260221
0.0113808754564262
-0.0423682742959639
-0.0609358499997595
-0.0110174651369875
0.0367358005039016
0.00553799496156504
0.00938216706818673
0.0328885050126839
0.080247374851132
0.0691150199338507
0.358423123563845
0.357043551537589
0.271142902817862
0.324041793674396
0.300963358228566
0.290978917306952
0.342775450410417
0.410643635424956
0.325194313519298
0.361789425884326
0.391314950663926
0.329947759002482
0.362660915991014
0.365289442100075
0.29645224548085
0.260135465956088
0.286146457890942
0.342887421076188
0.330612499372507
0.327250207889462
0.343814644290344
0.40353922808046
0.370942169230525
0.41679563591423
0.319077529177663
0.392691750492434
0.335881105467815
0.333389043625787
0.264353910542383
0.310427880137679
0.355426953815278
0.310060116214356
0.372678008558767
0.429479680844549
0.415543436583605
0.468177530370048
0.410294891891409
0.379291746079289
0.332560100571679
0.249479569400233
0.302947180005519
0.366089733459826
0.303812773327554
0.343014792530457
0.348191808419188
0.452260707729207
0.365596446050827
0.402440304733581
0.365331876991253
0.369965093589899
0.180528029946587
0.147271458401138
0.161810755439305
0.154100811607011
0.208964324549793
0.208819512977013
0.20235015996981
0.230831640644035
0.268416687431112
0.239863375516265
0.222596339157682
0.209561454339992
0.18946624283812
0.135647516052566
0.160052739426687
0.134617346165157
0.161001896580596
0.176264174408286
0.206508836110313
0.274902495549495
0.231811223610941
0.260662901382646
0.299948413242705
0.214561484927577
0.225532696752709
0.146355751485479
0.25332909272564
0.188881296433341
0.16111992676445
0.143067855909511
0.239085040454736
0.252523359576396
0.213574308222848
0.292512708738427
0.265589491028215
0.258936070380521
0.214232290607395
0.168423710518571
0.142776803184988
0.167912656475244
0.152706396672749
0.140324978844155
0.227943593745218
0.2384892085238
0.261543827433389
0.268799959720505
0.29114702559051
0.220445591058378
0.234646887977134
0.145121056579233
0.224556002273956
0.220331251111664
0.220170959572588
0.221777062018871
0.30449411147284
0.275373163792589
0.275058714611877
0.316674106928483
0.366925254994446
0.307242761817798
0.258588244872583
0.232694911363978
0.228324882372676
0.237268563108514
0.220411266694767
0.195558806761817
0.239984078154816
0.287116007190596
0.31125543855036
0.326601989034577
0.30774144448484
0.302747287987684
0.313923199175569
0.2309114684659
0.266834714089089
0.209237839575786
0.261643392486292
0.226934486513094
0.261885240090313
0.260493253468069
0.302635529886779
0.335741288238852
0.282667010691666
0.359713302094008
0.318335989758615
0.265647498974203
0.28259214314371
0.281794431341044
0.247544990410066
0.239748406631554
0.259703595685331
0.272771850150498
0.346216639622913
0.348048151471398
0.341411742680638
0.341968890011264
0.334765437025756
0.244273267429791
0.269962590152978
0.243360624648315
-0.0985761588698002
-0.0812081341867205
-0.0382370730061285
-0.0506113325659992
-0.0139015899621291
0.00327199560718732
-0.003565490706058
-0.0506822164395945
-0.00140671253920485
-0.0492234271984585
-0.058509422157591
-0.0560335675487595
-0.0346956868441487
-0.068935444385246
-0.0570066840364276
-0.0509001290474778
-0.0173538472470736
-0.0111209214048795
0.0175128807693383
-0.00190921426193445
-0.0403883447267624
-0.026836387017385
-0.0605560783220805
-0.0456842655905507
-0.0606573035950689
-0.11112833210844
-0.00696620324232229
-0.00138781824857624
-0.0605577258349065
-0.0341901575651875
-0.0012421557189819
-0.00727391598623515
-0.0403860325135017
-0.0351976376667247
-0.0544564806338983
-0.0535472656188853
-0.0371144705135921
-0.0564186569758097
-0.022281895240547
-0.0168065762000383
0.00110172210703838
-0.0366680624511362
0.0210028538914203
0.000469925478945606
0.0249417529537771
-0.0528479470304364
-0.0692084306924261
-0.0371091497333626
-0.0267168228107084
-0.0271551041639238
-0.0107593131050166
-0.00122963431265233
0.0235519029768068
0.0172226386347627
0.0186227214535293
0.0196893350195139
-0.0167939676358653
-0.0767820518658381
-0.01502220634049
0.0177204126293516
-0.0305337238230347
-0.0295547975166768
0.00589472694556566
0.00632822833289392
-0.0101846146435489
-0.0235641521837285
0.0211488815142796
0.0156215316233684
0.0208868667033454
-0.034531014434209
-0.0446803861251924
0.00558062273128666
0.00510364924134952
0.00530090656591913
-0.00638539156205988
-0.0100763949089292
0.0606434061179484
0.0214575469255256
-0.0162012599720716
0.00281870564095054
0.018263946212742
-0.0354843720228138
-0.0459855670568688
-0.0222723532155986
0.0213779954352193
-0.00457089026529603
0.0284318284766126
0.0326751479265405
0.0420562689603196
0.0107996519246881
0.0322631043943655
-0.0121902164107255
0.00221729784956339
0.00218190661064446
0.00372568244865704
0.0112445695477512
-0.0237969002379792
-0.00247785010907859
0.026165105938364
0.0323067259342973
0.162709155389827
0.140953360314792
0.178500060716631
0.144078947702896
0.162793714299294
0.101388191944807
0.0666496668885944
0.107272409620904
0.135939062937416
0.103249233617301
0.105554582091645
0.132730542561866
0.149950890387071
0.128965942396544
0.131717195667429
0.0998479698227532
0.109928534821578
0.0953498388550829
0.0983502832312424
0.140173743904664
0.0963998831377863
0.137202101972172
0.159352011850885
0.164356909083363
0.197504348544003
0.172085684593393
0.252631744039289
0.176253990565599
0.0854748601575599
0.073853154542656
0.131251972291574
0.139394318135289
0.0884103740527553
0.148692473686583
0.176853328248511
0.187580855469076
0.174665033416011
0.220247681177988
0.147394759339769
0.137504713445331
0.0971744201985199
0.11341093026697
0.132819447235276
0.182581521992086
0.153512965221458
0.137190266520782
0.145678306792288
0.183533459889691
0.213164665918488
0.168778551092039
0.080667196460124
0.0516523615269143
0.0576334859925021
-0.000987054518825552
0.00788832747029331
0.0389116394261799
0.0166608331904454
-0.00526589994077619
0.0686620272832676
0.0767513345125527
0.0542094331039269
0.0826345548779214
0.0791937869464
0.0653045358477881
0.00118279769080273
-0.0389443748561309
-0.0135029854852128
0.0234380852426526
0.0636285462044417
0.0380828953363956
0.063837794481451
0.0825456554895532
0.128577768881863
0.120187024084614
0.0869113656775211
0.0452783058264596
0.0925569339664755
-0.00933561591547263
-0.0402456654872336
-0.0134845432793162
0.0623865045454917
0.0242666014201242
0.044045226045807
0.089241894940665
0.151174009196742
0.136564225680336
0.105476893996814
0.104166193425686
0.0674168475095448
0.00108638673184387
0.0182698370053189
0.0136585313578067
0.0512809071767758
0.0615509015407516
0.090501312628212
0.136639057636591
0.104007047480895
0.121204325437566
0.134017723379307
0.0925207841478342
0.372965225690989
0.371090441552176
0.286093515625937
0.393655623637345
0.343640471469408
0.330871861407507
0.386367210303625
0.446131207834728
0.40783215386852
0.458757172426644
0.457631645408014
0.362248427533987
0.363804321924664
0.364492669585874
0.327435588508629
0.360416373970874
0.336287057234427
0.352352056706424
0.374966262247569
0.422176410796768
0.410746243890495
0.458832398718129
0.433466813018165
0.396265731187171
0.37866336133126
0.384386869203593
0.338031606530911
0.393419658179415
0.364535285108713
0.342776553434623
0.430151619480875
0.414419999333097
0.455556413941863
0.447665137509397
0.46481122403272
0.440224614079827
0.407794839787829
0.402650080645902
0.359732522338125
0.341906060974558
0.365883299417945
0.390219319586271
0.408881508393985
0.424797834180383
0.416031747836261
0.487749138511003
0.446316069743423
0.414892384233962
0.369392700930801
0.372136737721265
0.305210222693641
0.273693393530901
0.316386993528848
0.303281577282558
0.311945234765646
0.38348799568782
0.341304881490587
0.322196513100912
0.376141707515184
0.369983335540087
0.322709878817907
0.307803230579645
0.281687094853569
0.293594703542196
0.284812836620822
0.238058131978459
0.275907901129713
0.330683754591353
0.364935367554976
0.36803563147228
0.341405284171938
0.357166930143173
0.302431385055673
0.260373923392538
0.298805037668178
0.296119626582676
0.28883184442357
0.277969988812085
0.300015196070025
0.326786314505097
0.359700638596573
0.370754680228395
0.401755772588049
0.339109693313917
0.333511303404294
0.286359644319789
0.309784973073206
0.302974524669675
0.293551228024303
0.25063665527618
0.317993106573987
0.311588623517372
0.320112234391526
0.402225713403923
0.411291666538985
0.342784908155886
0.298336111537509
0.281635488132796
0.327738527122257
0.28295419723698
0.221533224187337
0.090004570211298
0.160580402339753
0.177183297058695
0.223747349996201
0.230130695986947
0.207429522625937
0.13439408974615
0.180086227690326
0.129360952298995
0.164610888119635
0.145890638779644
0.183422369979279
0.134772882281835
0.159276206160961
0.147279755750353
0.16562544471229
0.218597739176016
0.176882275857906
0.174120085036472
0.150338593872121
0.158097321577169
0.134054618176508
0.134119709036304
0.165652635741394
0.115603515415629
0.13808631316563
0.202214645964638
0.19048556518045
0.168024086180066
0.177894364871198
0.161497925611588
0.196949777616351
0.0968535783958551
0.133696489243372
0.123114754437111
0.144922667988566
0.155835686752814
0.198493244622795
0.15258317305938
0.239425623508975
0.158751698156706
0.134839768095461
0.221111760016763
0.217095206000245
0.166837502739222
0.160910966421181
0.13184851855007
0.164223562569499
0.10350425964236
