r0-300 r0-500 r0-400 r100-700 r200-1100 r150-800 r400-1000 r400-800 r400-600 r100-800 r100-400 r50-300 r150-400 r50-500 r50-400
1961 13.7102796666667 13.2813941071429 13.5065401923077 11.3197869 9.12260854545455 10.5456175888889 8.52631657142857 9.37349406 10.2730013333333 10.9839246636364 12.1453382142857 12.757385625 11.8209509 12.34752465 12.5689723888889
1962 13.986347375 13.5294083214286 13.7705768846154 11.5604921 9.25808995454545 10.7139355888889 8.60027307142857 9.42217886 10.3268206666667 11.2082973909091 12.480244 13.1434666875 12.0991714 12.67232815 12.9254516111111
1963 14.00932175 13.5428797857143 13.7896846153846 11.5896484 9.28770353636363 10.7384077222222 8.60208698571429 9.4029761 10.2867243333333 11.2373293181818 12.535683 13.186428875 12.1569656 12.6979887 12.9606077777778
1964 13.9423368333333 13.4769141428571 13.7265803846154 11.5987312 9.27317318181818 10.7325757111111 8.55763371428571 9.34609328 10.209596 11.2454985818182 12.5867887142857 13.233995625 12.2000436 12.7240721 13.001052
1965 13.7623779166667 13.3375200714286 13.5639400769231 11.5516452 9.32133115454545 10.7459283888889 8.68052052857143 9.4862377 10.34839 11.2118783181818 12.4403084285714 13.03574025 12.0929706 12.5862668 12.8298453333333
1966 13.8846124583333 13.4296376071429 13.6702745769231 11.5551104 9.31637524545454 10.7322925555556 8.66113 9.4370142 10.273016 11.2154025454545 12.4689395714286 13.105613125 12.1007564 12.6244482 12.8825694444444
1967 13.992853875 13.5357220357143 13.7789821923077 11.63165305 9.39173585454545 10.7992674555556 8.72512027142857 9.48273112 10.3417586666667 11.2873196454545 12.5656260714286 13.2161271875 12.1984547 12.73148795 12.9935043888889
1968 13.8248124166667 13.4028480714286 13.6317350769231 11.6301058 9.42617500909091 10.8364342222222 8.76755122857143 9.5416198 10.403678 11.2908332727273 12.5436962857143 13.11902675 12.2269232 12.6694338 12.9185578888889
1969 13.5511260833333 13.1495254285714 13.3636199230769 11.34914935 9.27559990909091 10.614999 8.70465992857143 9.4701175 10.3094831666667 11.0316932272727 12.1587977142857 12.726318875 11.8595899 12.3290394 12.5471218888889
1970 13.619598625 13.2241910357143 13.4365194230769 11.47300025 9.32868906363636 10.7133466666667 8.72160124285714 9.512891 10.3931043333333 11.1422884090909 12.3200409285714 12.8717285625 12.0190468 12.46773195 12.6903775
1971 13.7542868333333 13.3429885714286 13.5611390769231 11.4956875 9.35316586363636 10.7412795555556 8.76433245714285 9.5700352 10.435502 11.1692615454545 12.3221524285714 12.898491875 12.0129412 12.4938333 12.714589
1972 13.8236965 13.4197357857143 13.6352424615385 11.6024743 9.40756790909091 10.8243152222222 8.79061977142857 9.6036362 10.5250056666667 11.26267 12.463569 13.025216125 12.15489 12.6193672 12.8417247777778
1973 14.0581018333333 13.6400927857143 13.8613654615385 11.7926444 9.55169480909091 10.9885266666667 8.9287172 9.755175 10.683908 11.4438307272727 12.6581131428571 13.25063925 12.3242788 12.8269191 13.0561825555556
1974 14.0626116666667 13.63721 13.8609023846154 11.7582777 9.52939706363636 10.9549715555556 8.91723232857143 9.742542 10.6602456666667 11.4119069090909 12.6083795714286 13.23003725 12.264485 12.8009898 13.0311876666667
1975 14.0012177083333 13.5757040357143 13.8038914230769 11.7481596 9.47495549090909 10.9237158888889 8.81564991428571 9.6315348 10.5522606666667 11.395778 12.6616942857143 13.2554333125 12.318349 12.80887105 13.0532713888889
1976 14.2249312916667 13.77792775 14.0191531153846 11.89177735 9.5644625 11.0361224444444 8.86010142857143 9.668069 10.5964403333333 11.5303719090909 12.8633658571429 13.490689375 12.5069144 13.0117328 13.2750366666667
1977 13.95831775 13.5381313571429 13.7664370769231 11.7252439 9.48176075454545 10.917261 8.80779347142857 9.6104268 10.521307 11.3766822727273 12.6507485714286 13.227963125 12.3334168 12.7857731 13.0319526666667
1978 13.8788973333333 13.4632920714286 13.6851185384615 11.6577083 9.44567685454546 10.8609136 8.8158131 9.62265428 10.5104283333333 11.3174116727273 12.5340042857143 13.12631025 12.1989448 12.6949803 12.9300283333333
1979 13.9973945 13.5764957142857 13.8029997692308 11.7575879 9.49512287272727 10.9422327222222 8.83700455714286 9.6546523 10.5622296666667 11.4096718636364 12.6719131428571 13.258711125 12.3354192 12.8171895 13.0599946666667
1980 13.844564625 13.4429741785714 13.6578994230769 11.68331025 9.45234984545455 10.8838004222222 8.82023657142857 9.64050526 10.5566796666667 11.3393191636364 12.5639859285714 13.1412678125 12.2339189 12.71970055 12.9497843888889
1981 13.8985802916667 13.4952385714286 13.7091669615385 11.6949789 9.50271803636364 10.9179547222222 8.88427312857143 9.7097807 10.6222615 11.3553335454545 12.5422817857143 13.1148621875 12.2297792 12.7069274 12.9283449444444
1982 13.68692375 13.2983089285714 13.5035972307692 11.5529192 9.43821020909091 10.8118429555556 8.86646761428571 9.68510452 10.56176 11.2262179636364 12.3380791428571 12.9059315 12.0369486 12.5180692 12.7279034444444
1983 13.8025100833333 13.3981467857143 13.611942 11.6481343 9.44615011818182 10.8573679222222 8.82896461428571 9.65461766 10.5597356666667 11.3054715727273 12.4874605714286 13.0712215 12.1536696 12.6513706 12.8772107777778
1984 13.8654934583333 13.4575489285714 13.6751593076923 11.72113945 9.50069009090909 10.9200338333333 8.85362421428571 9.6670268 10.572735 11.3747356818182 12.5968725714286 13.1790555625 12.267264 12.7452208 12.9803993333333
1985 13.92464575 13.5065825714286 13.7304181538462 11.6884252 9.45854806363636 10.8857473666667 8.80450667142857 9.62556186 10.5362886666667 11.3415015727273 12.575485 13.1751305 12.2487208 12.7397451 12.977859
1986 13.8553905416667 13.46620325 13.6751376538462 11.7513784 9.5215277 10.963276 8.88025857142857 9.7282564 10.66486 11.4030469090909 12.6149052857143 13.176614125 12.308061 12.7675072 12.9916684444444
1987 13.72938525 13.344669 13.5504658461538 11.6814628 9.48424322727273 10.9005464444444 8.8573945 9.687005 10.5901943333333 11.3417834545455 12.5325751428571 13.0871585 12.2146652 12.6770011 12.9000778888889
1988 14.0117861666667 13.5862915714286 13.8119972307692 11.7357881 9.48478302727273 10.9216459222222 8.83380297142857 9.66837706 10.5809023333333 11.3875953 12.6194561428571 13.2431455 12.2734916 12.8011812 13.039966
1989 14.0684386666667 13.6492942142857 13.8735405384615 11.81007255 9.54789163636364 10.9970458777778 8.87751407142857 9.71797188 10.659499 11.4556439909091 12.7081410714286 13.294807125 12.3836633 12.8627312 13.0992466666667
1990 14.0257701666667 13.6269632857143 13.8420876153846 11.8271325 9.56353228181818 11.0295167222222 8.89491564285714 9.7603361 10.729129 11.4708580454545 12.7165221428571 13.28367225 12.4203734 12.8737622 13.1008083333333
1991 13.8950534583333 13.5124505357143 13.7159938076923 11.77305445 9.55808052727273 10.9957948333333 8.92383075714286 9.7866444 10.7573796666667 11.4234966818182 12.6132170714286 13.1692106875 12.3192419 12.77873515 12.9912181666667
1992 13.83394225 13.4389915 13.6478149230769 11.6759397 9.44474029090909 10.8862197222222 8.8132216 9.6718115 10.612193 11.3283991363636 12.5239457142857 13.09789575 12.2062414 12.692174 12.9108281111111
1993 13.8893224583333 13.4987123214286 13.7054974230769 11.712085 9.4901695 10.9281111111111 8.86149982857143 9.72784 10.6984963333333 11.3614314545455 12.5480204285714 13.116372 12.2426794 12.7241079 12.9367303333333
1994 13.6725395833333 13.2972213571429 13.4972904615385 11.6085384 9.4090825 10.8369472555556 8.78469688571429 9.64350866 10.5945333333333 11.2622204818182 12.4373118571429 12.98540075 12.1418566 12.597383 12.8086118888889
1995 13.6086292083333 13.2315214642857 13.4314957307692 11.5409296 9.37873688181818 10.780137 8.77584062857143 9.6192188 10.5414843333333 11.2023306363636 12.3479195714286 12.89308725 12.0462066 12.5082448 12.7167324444444
1996 13.65485925 13.2860960714286 13.4812622307692 11.63652275 9.44118288181818 10.8681275555556 8.84497647142857 9.7147988 10.6512461666667 11.2943762727273 12.4374632857143 12.983394 12.1274504 12.6014186 12.80725
1997 13.7726649166667 13.3936985714286 13.5919539230769 11.6644431 9.48594754545454 10.9083416666667 8.90736677142857 9.7899798 10.7243056666667 11.3247850909091 12.4351655714286 12.992207125 12.1297196 12.6177458 12.8178976666667
1998 13.8018125 13.3860617142857 13.6037019230769 11.5832377 9.34145257272727 10.7710878888889 8.70708742857143 9.554033 10.4803343333333 11.2325604545455 12.430625 13.03953675 12.0792002 12.6099408 12.8380743333333
1999 14.0132532916667 13.5725521785714 13.8038596538462 11.6800851 9.39855454545454 10.8449819444444 8.73349557142857 9.5774659 10.505142 11.3224696818182 12.5644247142857 13.20199825 12.2017288 12.7472677 12.9896802222222
2000 14.17876825 13.7382470714286 13.9741848461538 11.8638899 9.51898314545454 11.0065661444444 8.79182342857143 9.64654966 10.6152316666667 11.4914227545455 12.8131551428571 13.420171875 12.4691062 12.9551615 13.208951
2001 14.3194561666667 13.8754271428571 14.1131688461538 11.9717449 9.58168576363637 11.0979644444444 8.84747148571429 9.7222408 10.7192196666667 11.5916238181818 12.9334827142857 13.555149125 12.5816394 13.0863699 13.3421015555556
2002 14.188049125 13.76069625 13.9919536538462 11.97332105 9.58566857272727 11.1039468888889 8.83405761428572 9.7046912 10.697107 11.5927025909091 12.9478686428571 13.5356133125 12.6101748 13.06780645 13.3248571666667
2003 14.096420125 13.6883501071429 13.9049085769231 11.92099605 9.62194848181818 11.0995218333333 8.94702475714286 9.8234406 10.7939036666667 11.5570124090909 12.8023862142857 13.3850901875 12.4770527 12.95605815 13.1874990555556
2004 13.89670675 13.5156422142857 13.7149223846154 11.8286945 9.61279509090909 11.0556915555556 9.01299671428571 9.9010986 10.8421273333333 11.4810563636364 12.617091 13.176232125 12.3058482 12.7868367 12.9937074444444
2005 14.061387875 13.6280710357143 13.8532201923077 11.79902895 9.50663195454545 10.9651719111111 8.85715951428572 9.71813074 10.6417723333333 11.4412413818182 12.6597442142857 13.2988093125 12.2902203 12.84468145 13.0828536111111
2006 13.9274375833333 13.526158 13.737504 11.8099942 9.54132396363636 10.9977089555556 8.89578608571429 9.76874712 10.714154 11.4514522363636 12.6543628571429 13.2400895 12.3187892 12.8157677 13.042113
2007 14.1106699166667 13.6890470714286 13.9091756153846 11.8690498 9.59115974545455 11.0574384777778 8.9533224 9.83889686 10.763981 11.5135230272727 12.7065018571429 13.311685625 12.3627412 12.8812105 13.1094143333333
2008 13.9462396666667 13.5540167857143 13.7605905384615 11.8186543 9.57297391818182 11.0292718333333 8.94431572857143 9.8377137 10.7978826666667 11.4613839545455 12.6313508571429 13.20499725 12.3215358 12.8041337 13.0191976666667
2009 13.9783634166667 13.5843110714286 13.7908355384615 11.8336153 9.58004573636364 11.0413179222222 8.96016221428571 9.85993966 10.8249233333333 11.4759694818182 12.6394952857143 13.21579825 12.3225328 12.816638 13.0296541111111
2010 14.1351353333333 13.7155372857143 13.9355933076923 11.8332376 9.54145602727273 11.0080334888889 8.89032232857143 9.77512568 10.7689716666667 11.4669704909091 12.6860194285714 13.3036755 12.3475524 12.8825302 13.1078325555556
