-0.97592701532029
-0.972541939828109
-0.962819324531364
-0.960440078446638
-0.954926491698151
-0.959892240152704
-0.975887996444283
-0.987749631050576
-0.966961235955335
-0.979429033301852
-0.9860937582229
-0.981606808023174
-0.973514751329817
-0.969250455240751
-0.96515011036519
-0.965142694129715
-0.960849939860165
-0.962058974178997
-0.9721371142545
-0.980414336604148
-0.988135326819225
-0.978234742493524
-0.980183668906109
-0.982958239587328
-0.976568282742323
-0.971040225001951
-0.958952144924976
-0.962592039260794
-0.963096864208651
-0.966868101503089
-0.969243688339724
-0.982015867352349
-0.980881593311161
-0.971056811590593
-0.979735990430284
-0.976992108292021
-0.972883678087561
-0.966026952555839
-0.964076117218319
-0.95920083898295
-0.961488887556169
-0.964794487253884
-0.971870547667555
-0.983512893490781
-0.975972469575028
-0.971003929505324
-0.981133554171412
-0.983892878346722
-0.975327211276441
-0.970970423045706
-0.983956454004586
-0.980998618898364
-0.979069543513347
-0.990972334344582
-0.997452714405789
-1.00363424735389
-0.991741042202806
-0.998696637455819
-0.998673346654444
-0.997204178288518
-0.990577129120586
-0.985485320087797
-0.976884770515757
-0.979974314830952
-0.980047152213891
-0.990418292486626
-0.99289395581322
-1.00227351211569
-0.999358240007006
-0.984412772063817
-1.00336037110942
-0.992811101963083
-0.988242725816361
-0.982853227375705
-0.982406071657215
-0.980649760654609
-0.97609043526246
-0.973585628371431
-0.9914250221481
-0.998852079329643
-0.998895717798336
-0.996730579658887
-0.997923604256775
-0.999938353021182
-0.994350870536923
-0.985621678240127
-0.978381259266802
-0.974444940500134
-0.974516830622311
-0.984112880486299
-0.994703136947856
-1.00756193613548
-1.01014639261758
-0.998942605239663
-0.991874730785857
-1.00178246075486
-0.999767495101911
-0.987596757589501
-0.975891688332092
-0.976173771584888
-0.938738739398874
-0.941395845862479
-0.95521977111764
-0.962001951206959
-0.958854582986783
-0.961300189100865
-0.957544828629637
-0.95603763120496
-0.95560693192416
-0.947365562816002
-0.938648457019276
-0.943430064529071
-0.940789842937603
-0.941982508646166
-0.954764363696575
-0.969502374249932
-0.970653862126027
-0.954300042261533
-0.960920651718023
-0.961176659336143
-0.95283602482741
-0.942512225833618
-0.939798841977997
-0.935031419785924
-0.938564931884261
-0.93523566804572
-0.950881805108867
-0.954155130113925
-0.964014226901206
-0.961043600466592
-0.955620108681932
-0.960313288993333
-0.951412432415575
-0.939985567039273
-0.937794086071693
-0.932756802766991
-0.934789659128929
-0.940629620977149
-0.953107692425771
-0.969237270010403
-0.959477257159891
-0.949805594213187
-0.964055496322193
-0.955695578739776
-0.95162785763664
-0.939384041181977
-0.94234141351254
-0.936702885324008
-0.939551477714612
-0.943829828413395
-0.962326442413274
-0.972907545211031
-0.971957028331849
-0.970255043748837
-0.969466658938821
-0.968285526286282
-0.964529577519778
-0.957435525391906
-0.947299705002283
-0.948362841542336
-0.948210459609725
-0.952962817457207
-0.962763671233504
-0.974059155463513
-0.970472164198871
-0.97143532368696
-0.972524428822548
-0.97240920347852
-0.966180555634924
-0.955278461966469
-0.952801137673178
-0.947919324870845
-0.945329736375109
-0.955592837445931
-0.960949370670088
-0.975867222173387
-0.965381969218275
-0.965870233630909
-0.970510072150799
-0.975552451112195
-0.96356669025498
-0.954223032443382
-0.954813206071243
-0.94291491970933
-0.948158337251133
-0.954334220145903
-0.959136581059966
-0.974742711630695
-0.974835194817394
-0.968684345834785
-0.97072524182738
-0.977867258839921
-0.963977228974413
-0.957162992645381
-0.952536508333481
-0.947639312961034
-0.944942313958346
-0.955370825494981
-0.960279019581233
-0.975525529404451
-0.968613361145375
-0.964620975607933
-0.965511107790257
-0.971514827412577
-0.958728924978492
-0.955871497946964
-0.950260161292657
-0.942244666368854
-0.935998291096749
-0.944497425772074
-0.955930298426766
-0.967494605248742
-0.969805721179694
-0.963615617050931
-0.966765275513263
-0.969328187941501
-0.962940371969731
-0.953484791866449
-0.94634019088027
-0.942355940078623
-0.943187932510104
-0.945826552275812
-0.954307054259664
-0.969590061954079
-0.967676183704625
-0.963823228284993
-0.965271410195424
-0.97122712469488
-0.961505427645349
-0.956348428073484
-0.94959296050805
-0.942868347303116
-0.94528825571831
-0.943255061225541
-0.951940603869813
-0.963089148929456
-0.965828467182523
-0.959346579822729
-0.964127749964608
-0.965859494566124
-0.961255338783846
-0.953165084633157
-0.941994189705547
-0.941676254167194
-0.941874682689902
-0.942906997836504
-0.95082526031817
-0.968075537166859
-0.968572452506079
-0.964864865964861
-0.99757054082942
-0.999471637260779
-0.992373961457168
-0.988730065431293
-0.979393366470413
-0.974548755461772
-0.975198511168648
-0.981585785675987
-0.981190203656959
-0.993967733733116
-0.998727805404683
-0.991574762352367
-0.995304354505922
-0.998353257804189
-0.99538602655305
-0.988992295699042
-0.980250704397623
-0.97627643608716
-0.97149589448909
-0.977872871221264
-0.989437729172882
-0.996105618333718
-0.996862268899931
-0.991816120302484
-0.995552476683173
-1.00351458920467
-0.987073303078015
-0.982333962706017
-0.984337845485012
-0.978452686757955
-0.975913573944447
-0.979152873875217
-0.988508874127814
-0.995259509749327
-0.996018082676792
-0.995360902263502
-0.993767634490512
-0.998584827529959
-0.991330151405627
-0.986937500133547
-0.978305287534642
-0.979372557972827
-0.969474623965387
-0.976743789507344
-0.981845639220525
-0.995141492194898
-0.997010560990562
-0.991069406070423
-0.993916544671029
-0.994047346152489
-0.983076125053399
-0.98058850582265
-0.974699906839309
-0.973134224272212
-0.970378839954672
-0.974612529685158
-0.987507897432538
-1.00020467133627
-0.99194022006377
-0.98531914232788
-0.988928152101465
-0.995621660576862
-0.985392945952339
-0.979564134899547
-0.97944329653686
-0.976692520592957
-0.969118609276744
-0.974453401914612
-0.980870008729328
-0.992467514193693
-0.997966906774773
-0.986263996664165
-0.986781920572159
-0.990122891241852
-0.984808867959349
-0.979695660727158
-0.969366463889693
-0.970513750355498
-0.968844399475347
-0.971420709464181
-0.974230589026997
-0.99073431169602
-0.992520600200511
-0.992031355927261
-0.986310477368334
-0.989882828000316
-0.982989232037559
-0.975894098669577
-0.970052933464955
-0.969850863598658
-0.965051590195312
-0.97447352863147
-0.981559001699337
-0.987549170011183
-0.991007399555555
-0.988071581211687
-0.986937867607807
-0.988423268810169
-0.981894082583802
-0.975163376385235
-0.96060734447336
-0.957107909850443
-0.953571258919897
-0.962334621058371
-0.967965455204709
-0.97969952557665
-0.988809871151735
-0.974129863363006
-0.975784293834081
-0.978461815376594
-0.973699257973269
-0.968741294146499
-0.962774496586
-0.961858844904823
-0.957763065495107
-0.961957234824301
-0.96914979296774
-0.980347307958633
-0.98213990687195
-0.973562782924622
-0.977291102503542
-0.977685738286206
-0.968587887624879
-0.965776282182736
-0.957019929804641
-0.956089662739542
-0.946790762285591
-0.959201846483796
-0.97238082842754
-0.982728036170023
-0.981460144576753
-0.970811315063493
-0.979986221230552
-0.976748322802381
-0.966967919417476
-0.961338953101157
-0.958849574069428
-0.952809019669283
-0.956940550568167
-0.960279470510012
-0.97175526934724
-0.978285931954601
-0.974185986350439
-0.964867682167574
-0.975026406334762
-0.976818049169675
-0.971462799784944
-0.96333528602285
-0.956010634006116
-0.957491896507155
-0.965691981970218
-0.971454574468708
-0.976570350184455
-0.991138460523154
-0.99426069142878
-0.985107667064029
-0.985801667881469
-0.994405285259852
-0.980017501697584
-0.975629355078386
-0.973342077626931
-0.966961990563199
-0.966907576599833
-0.967900900574379
-0.982867033172838
-0.994821556177231
-0.99476956783398
-0.985431164700333
-0.980195970515843
-0.987833021148301
-0.981382088023294
-0.971040371538181
-0.964999737069847
-0.962862977403182
-0.964804056497002
-0.97246630319124
-0.97343609879353
-0.988140737514909
-0.994580270610873
-0.988523582270808
-0.983016609633763
-0.987721246370731
-0.983111723811208
-0.972843727112634
-0.960879913896261
-0.960563398609519
-0.961187649527344
-0.963574065393797
-0.97403363314454
-0.990260837600252
-0.989563211288243
-0.980412790322183
-0.982577881081007
-0.985352694768972
-0.976439369130318
-0.970022667962496
-0.965688501082785
-0.962769623017497
-0.958463440042471
-0.967200594201696
-0.951763615524338
-0.963426597987288
-0.967412893547817
-0.954006485563489
-0.960314828597848
-0.960783784085051
-0.958870924093132
-0.952594079268474
-0.943945028125373
-0.938615803846197
-0.939129411380561
-0.944914770096602
-0.950554389303727
-0.960435569475326
-0.960264253213883
-0.958761234308115
-0.969698559723117
-0.96457964252113
-0.955723211041346
-0.946990445956506
-0.9468594894988
-0.939378055738515
-0.941750405455118
-0.950873387575361
-0.950001251011834
-0.964710483975722
-0.966801887441309
-0.964581758105829
-0.963048976042434
-0.965377295373871
-0.956363143034018
-0.947301755974101
-0.939425624926146
-0.944798749329183
-0.939612933789656
-0.945694591057441
-0.952029380238611
-0.958856444559282
-0.957889030010388
-0.961208546488994
-0.961061042550898
-0.96670905632337
-0.962461565549136
-0.946590906435751
-0.939321808689589
-0.940710500055052
-0.940536937098814
-0.945903359297298
-0.953774764425805
-0.966158463501379
-0.974029158139939
-0.982689774990961
-0.971309052433087
-0.982855961787008
-0.9751135710387
-0.961233069634368
-0.960797595660474
-0.964536597107671
-0.953788900182697
-0.961436971584035
-0.969820032671512
-0.978535177652515
-0.984492116772258
-0.981165679813153
-0.97431343482435
-0.989821034733024
-0.978308673015749
-0.967615467174961
-0.961454323732487
-0.95854466907347
-0.962133239388012
-0.961504381977764
-0.97593603963753
-0.986791239549573
-0.979554978123263
-0.97431135719737
-0.983182422946166
-0.978614413576629
-0.972598481427406
-0.968567492079654
-0.960949236937898
-0.959757211198398
-0.951275900054394
-0.96597831276779
-0.967651928610635
-0.981208527376373
-0.976447182732166
-0.975034284733765
-0.976460129115457
-0.985629819770356
-0.967887307354806
-0.970781843848402
-0.967403589876081
-0.954824460681611
-0.951340056075109
-0.96630885921466
-0.973275615208733
-0.982476190279228
-0.977479117775636
-0.981947900458662
-0.98448681175218
-0.999259319745688
-0.988731943645529
-0.981629234508557
-0.972506018816731
-0.969706405934026
-0.968777216516964
-0.979532973670767
-0.982043075518901
-0.991340185576858
-0.987319008810801
-0.992690247042614
-0.985191617793628
-0.994082907715624
-0.987887613938534
-0.984349964877206
-0.976553082851812
-0.969165591614169
-0.972171918339382
-0.972750530274317
-0.985876655804073
-0.990347099301965
-0.991312752193124
-0.989134129695624
-0.987722611352425
-0.996030867163124
-0.988632030465336
-0.975816585098455
-0.97274750339317
-0.974141742149574
-0.974348074038172
-0.974393692532446
-0.978974839253899
-0.993688408802342
-0.993283941989649
-0.989724157128787
-0.992791731005322
-0.987805939564765
-0.981681679362856
-0.980657727885598
-0.969235687609125
-0.971282823604038
-0.97456467456633
-0.968465516218293
-0.978014679816079
-0.986473195872099
-0.993626041580512
-0.994725566959101
-0.98621147943075
-0.994386523486603
